5.9179e-06
5.25284e-06
5.47386e-06
5.34688e-06
5.42114e-06
5.4195e-06
5.38606e-06
5.39495e-06
5.4e-06
5.4e-06
5.4e-06
5.4e-06
5.4e-06
5.4e-06
5.4e-06
5.4e-06
5.4e-06
5.4e-06
5.4e-06
5.4e-06
5.4e-06
5.4e-06
5.4e-06
5.4e-06
5.4e-06
5.4e-06
5.4e-06
5.4e-06
5.4e-06
5.4e-06
5.4e-06
5.4e-06
5.4e-06
5.4e-06
5.4e-06
5.4e-06
5.4e-06
5.4e-06
5.4e-06
5.4e-06
5.4e-06
5.4e-06
5.4e-06
5.4e-06
5.4e-06
5.4e-06
5.4e-06
5.4e-06
5.4e-06
5.4e-06
5.4e-06
5.4e-06
5.4e-06
5.4e-06
5.4e-06
5.4e-06
5.4e-06
5.4e-06
5.4e-06
5.4e-06
5.4e-06
5.4e-06
5.4e-06
5.4e-06
5.4e-06
5.4e-06
5.4e-06
5.4e-06
5.4e-06
5.4e-06
5.4e-06
5.4e-06
5.4e-06
5.4e-06
5.4e-06
5.4e-06
5.4e-06
5.4e-06
5.4e-06
5.4e-06
5.4e-06
5.4e-06
5.4e-06
5.4e-06
5.4e-06
5.4e-06
5.4e-06
5.4e-06
5.4e-06
5.4e-06
5.4e-06
5.4e-06
5.4e-06
5.4e-06
5.4e-06
5.4e-06
5.4e-06
5.4e-06
5.4e-06
5.4e-06
5.4e-06
5.4e-06
5.4e-06
5.4e-06
5.4e-06
5.4e-06
5.4e-06
5.4e-06
5.4e-06
-0.000214727
0.000347957
-0.000553395
-0.00210623
0.00084037
0.00140196
0.000761082
-0.00598889
-0.000242203
0.00382095
0
