0.580473
0.621713
0.621713
0.621713
0.621713
0.621713
0.621713
0.621713
0.621713
0.621713
0.621713
0.621713
0.621713
0.621713
0.621713
0.621713
0.621713
0.621713
0.621713
0.621713
0.621713
0.621713
0.621713
0.621713
0.621713
0.621713
0.621713
0.621713
0.621713
0.621713
0.621713
0.621713
0.621713
0.621713
0.621713
0.621713
0.621713
0.621713
0.621713
0.621713
0.621713
0.621713
0.621713
0.621713
0.621713
0.621713
0.621713
0.621713
0.621713
0.621713
0.621713
0.621713
0.621713
0.621713
0.621713
0.621713
0.621713
0.621713
0.621713
0.621713
0.621713
0.621713
0.621713
0.621713
0.621713
0.621713
0.621713
0.621713
0.621713
0.621713
0.621713
0.621713
0.621713
0.621713
0.621713
0.621713
0.621713
0.621713
0.621713
0.621713
0.621713
0.621713
0.621713
0.621713
0.621713
0.621713
0.621713
0.621713
0.621713
0.621713
0.621713
0.621713
0.621713
0.621713
0.621713
0.621713
0.621713
0.621713
0.621713
0.621713
0.621713
0.621713
0.621713
0.621713
0.621713
0.621713
0.621713
0.621713
0.621713
0.621713
0.621713
0.621713
0.621713
0.621713
0.621713
0.621713
0.680521
0.542537
0.636394
0
