-0.913963
-0.789105
1.36698
0.650143
-2.81896
1.43394
2.70718
2.10235
2.6454
7.66212
-2.67399
-0.161534
1.64832
1.48617
8.85624
-3.25178
7.76197
1.38396
1.58641
0.666605
-2.26242
4.037
-0.0643085
3.56914
2.47583
-0.488576
-1.02092
-0.466599
4.54833
1.99918
-0.370444
2.39391
6.16632
0.358688
-20.0562
1.71135
1.61622
1.65249
0.811782
1.46261
1.43199
1.7977
1.96266
1.21074
1.67958
1.1929
0.523841
2.18257
-0.388787
5.07294
-3.5648
-0.296968
-1.5563
8.33364
2.47944
1.31512
1.4929
2.12434
0.709561
0.840017
2.56804
0.916061
-1.51283
2.45651
-0.761391
1.29047
3.57789
-0.606307
0.493663
-0.114451
-0.888491
0.948362
3.18496
3.77446
0.611291
1.82361
6.29869
-0.72043
4.04405
1.0078
6.05616
2.08263
-1.12727
0.281642
1.04957
1.2971
1.04336
2.2007
1.82163
0.473519
1.6683
0.213341
-1.13973
-0.250862
1.68614
1.90098
9.1665
-0.447201
-0.267437
3.19406
13.0301
-4.6838
-22.0653
-3.93305
2.46443
7.0351
4.78485
2.07413
-0.554758
-5.28099
-9.22342
-12.5117
-6.17137
-1.84729
-16.6225
37.6018
-3.6018
-7.57584
-2.27198
-7.03855
-4.27399
-10.0353
-2.03858
-5.32166
-8.55074
-4.50474
3.64391
-0.214674
1.60223
1.33993
1.64486
-0.876793
-11.2064
-10.8924
8.67139
-1.77096
-1.46856
-13.3599
4.78887
2.61164
4.49508
4.99965
-5.73548
-7.81821
2.77433
-2.86767
-3.14374
0.31597
-5.10915
2.70785
-4.99263
-10.6873
-0.289996
20.1598
-6.56866
1.1111
-4.60628
0.960282
-13.6788
-3.17791
6.42181
-5.31625
1.4519
3.71353
-0.321976
-3.74045
-4.17301
4.81015
-1.65128
-2.089
-1.16841
4.36531
0.75059
8.66668
-9.59406
-8.47655
0.558136
-4.15892
2.88255
3.12641
-0.566716
-2.68263
-9.19955
-2.90616
-17.055
4.94036
-7.4233
-12.6994
-14.4003
7.68496
-2.66513
2.38316
-10.5699
3.24195
-1.62889
0.903008
-2.4264
-12.4623
-9.2581
-0.836755
1.50037
-0.412588
-0.900434
-8.80915
-9.05635
2.45192
-7.3427
-1.16461
2.22093
-4.15846
-4.22805
-3.38389
6.91426
0.345155
-10.5548
-1.19619
3.57756
-16.9641
1.16153
-2.33447
1.2076
-8.44076
-20.1498
3.6603
-2.69261
-18.2733
-9.54338
0.133036
0.24899
6.08573
-5.93534
-10.2374
-9.4469
3.02316
-3.04898
-12.9646
-4.62109
-1.71747
-5.7205
-6.14267
-2.82299
-24.1552
-6.16467
-15.9466
2.40927
-4.28789
-0.881217
-1.50049
-3.41547
3.61551
1.31791
-0.726333
-46.625
0.227405
3.26476
-1.8692
-5.83575
-0.564962
-6.33661
-3.1234
-21.8196
-14.7285
-4.84516
5.33524
7.35132
-3.22647
-6.02315
-1.1178
-6.3993
-2.60453
-0.157722
-7.29852
7.88223
-9.06133
-21.1554
-5.18591
5.61686
-2.41475
3.05396
4.84253
4.25477
-0.683232
0.262216
-14.0841
-4.5708
-5.89852
-2.62915
-6.67319
-18.0195
-10.225
-9.32512
-8.47898
7.83516
3.35481
6.19056
-3.26822
-3.91708
12.0515
-3.17256
-3.65846
-1.58783
3.74755
-9.52694
-9.66504
-1.54544
10.4764
5.75339
-13.0397
13.3538
-7.0853
-10.6385
5.07001
0.337129
0.173279
7.75124
-2.31028
-19.1463
0.206664
-12.8477
-5.61358
-1.6605
1.48604
-5.91058
56.1583
-6.07929
-2.9089
-0.942834
-0.910771
4.7584
7.40551
-9.02417
2.23258
-0.844937
3.54777
5.86146
-13.3727
1.15906
-8.00581
1.33747
7.13196
0.755577
-12.7314
-1.18153
-9.64238
1.206
-3.29931
-5.47972
2.15431
-5.8072
4.98788
0.752152
1.24493
7.1562
-13.6222
6.81756
-5.66821
-2.61577
0.573918
1.48468
0.656388
0.183241
-7.91658
1.54386
5.52074
-0.0841756
-8.532
-8.08241
1.22173
1.13475
9.57851
-11.4095
8.37454
1.21184
6.10637
1.01303
1.9304
0.605991
0.764734
-6.7518
-1.11197
4.8817
-2.79269
-1.15377
-9.66161
-0.583246
-0.359629
-2.16635
4.85813
4.85038
3.66491
-0.75728
1.84625
0.406985
6.78071
-1.80438
-1.7261
-0.857653
-6.29492
12.9168
2.62632
-0.226221
5.78999
4.96671
-9.77876
-6.33065
-0.681341
7.68804
-0.964671
0.477124
-2.51809
6.71838
5.22661
1.63706
-2.36363
1.35348
-9.71053
0.327638
6.55413
-0.481618
1.24059
-14.0944
-0.648771
-5.10378
-16.8195
-2.36299
-7.20616
5.42118
9.94034
-7.58082
4.69051
1.34709
-3.63815
-1.35583
2.71743
-9.57542
-7.52707
-6.00013
-6.66921
9.69911
-1.2501
6.84164
-5.67854
-9.67238
7.76115
-5.90391
-0.845789
2.21425
-8.48627
-6.31965
-1.65914
-2.90158
-1.67913
2.14619
2.05241
-1.38612
-0.453246
-4.60971
10.7439
-1.54402
5.97348
-9.50479
-5.29215
0.141527
9.53735
-8.22563
7.29864
-1.70723
-1.55356
4.5064
-16.4076
-1.06154
-8.31458
-17.9545
-0.00190712
0.2968
-0.268307
6.00312
-3.03997
3.66862
-34.5533
2.189
4.8797
-0.82614
-8.01898
-1.96376
0.586193
-2.48967
2.76721
9.04677
-9.67959
4.55788
-0.265383
0.145336
6.90379
-6.6176
-0.266368
6.42243
0.220691
1.9496
-2.17181
5.88164
-0.837761
5.83252
-9.50949
10.5726
-6.58415
-1.92681
-12.3698
2.26603
-2.67387
-5.87923
7.54029
-7.87808
5.73683
4.6174
-2.31904
-7.40192
-7.91454
-1.05267
-4.38354
4.135
-10.4713
1.43352
-3.10532
-1.12686
9.08906
-12.3649
0.500621
-0.501044
-2.24468
2.49052
2.35601
5.06425
-1.08705
-1.74857
0.687378
-5.20543
4.46213
-13.2936
-13.3394
-1.46049
6.1707
0.964179
2.04264
-1.60072
-13.8194
3.73304
-0.565895
3.90524
-0.355868
-5.97178
2.50913
-5.59652
5.49392
8.08264
0.536153
6.75926
-1.79145
-9.59965
13.4763
-10.7877
-2.37251
12.7151
6.61143
2.88819
2.74311
-5.84111
7.63063
-6.17799
11.1281
4.59274
-1.37945
-22.9787
-0.487181
-0.587102
-9.82886
9.32939
3.79436
-5.31704
-0.730437
5.70767
-12.796
1.88168
6.17866
5.22172
8.54909
14.0666
-11.6738
-12.2002
-7.98708
1.77339
0.527921
-13.8578
-0.00310892
6.1122
-2.00591
