1 
0.998027 
0.992115 
0.982287 
0.968583 
0.951057 
0.929776 
0.904827 
0.876307 
0.844328 
0.809017 
0.770513 
0.728969 
0.684547 
0.637424 
0.587785 
0.535827 
0.481753 
0.425779 
0.368124 
0.309017 
0.24869 
0.187381 
0.125333 
0.0627901 
-4.01339e-07 
-0.0627909 
-0.125334 
-0.187382 
-0.24869 
-0.309018 
-0.368125 
-0.42578 
-0.481754 
-0.535827 
-0.587786 
-0.637425 
-0.684548 
-0.728969 
-0.770514 
-0.809017 
-0.844328 
-0.876307 
-0.904827 
-0.929777 
-0.951057 
-0.968583 
-0.982287 
-0.992115 
-0.998027 
-1 
-0.998027 
-0.992115 
-0.982287 
-0.968583 
-0.951056 
-0.929776 
-0.904827 
-0.876306 
-0.844327 
-0.809016 
-0.770512 
-0.728968 
-0.684546 
-0.637423 
-0.587784 
-0.535826 
-0.481753 
-0.425778 
-0.368123 
-0.309016 
-0.248689 
-0.18738 
-0.125332 
-0.0627891 
1.44244e-06 
0.062792 
0.125335 
0.187383 
0.248691 
0.309018 
0.368126 
0.425781 
0.481755 
0.535828 
0.587787 
0.637425 
0.684548 
0.72897 
0.770514 
0.809018 
0.844329 
0.876308 
0.904828 
0.929777 
0.951057 
0.968584 
0.982288 
0.992115 
0.998027 
-0.975605 
-0.90964 
-0.622568 
-0.916487 
-0.721164 
-0.687519 
-0.428725 
-0.621299 
-0.566806 
-0.725765 
-0.746086 
-0.804659 
-0.12139 
-0.679309 
-0.450094 
-0.519697 
-0.576589 
0.324251 
0.00113445 
-0.168923 
-0.246932 
0.2249 
-0.11855 
0.354989 
0.299167 
-0.184712 
-0.057863 
0.34395 
0.290096 
-0.735831 
-0.406122 
0.591909 
-0.408363 
0.035559 
0.771777 
-0.25192 
0.604173 
0.797233 
0.853351 
0.284257 
-0.58963 
-0.0396534 
0.565374 
-0.0581865 
0.0914579 
-0.53721 
0.714423 
-0.362798 
0.380936 
0.00896578 
0.168495 
-0.18035 
0.426766 
0.317287 
0.519846 
-0.681036 
0.88944 
-0.790096 
0.488996 
-0.524471 
0.749318 
-0.349706 
0.923571 
-0.337532 
-0.471696 
0.953545 
0.884241 
0.948712 
0.753463 
0.867295 
-0.777722 
0.87281 
-0.828075 
0.932212 
0.86549 
-0.859513 
0.305838 
0.870674 
-0.801916 
-0.953475 
-0.0122743 
-0.0263523 
0.364 
-0.4649 
-0.929987 
-0.335933 
0.664779 
-0.943842 
0.764854 
-0.884312 
-0.514996 
-0.56457 
-0.853926 
0.428643 
0.18434 
-0.675153 
-0.78912 
0.4932 
0.437682 
-0.0226588 
-0.678223 
-0.624111 
-0.504168 
-0.493697 
-0.864064 
-0.833016 
0.241332 
-0.855019 
0.819725 
0.146208 
0.664389 
0.710927 
-0.586645 
-0.263177 
-0.0507708 
0.846371 
-0.741486 
0.220794 
-0.722951 
0.112448 
-0.353985 
0.530147 
-0.522552 
-0.304538 
-0.839074 
-0.589395 
-0.467355 
-0.686444 
0.284674 
0.393159 
0.175804 
0.271398 
-0.331406 
0.127693 
-0.0375386 
-0.179915 
0.102862 
-0.0713883 
-0.491662 
-0.620457 
0.0268968 
0.911272 
0.109454 
-0.121611 
0.662858 
0.425007 
0.487219 
-0.707081 
0.636769 
-0.276498 
-0.560063 
-0.456039 
0.271593 
0.380296 
0.38666 
-0.587488 
0.868782 
-0.461432 
0.702859 
0.802335 
0.599704 
0.813805 
-0.381229 
0.828734 
0.93703 
0.755014 
0.846324 
0.822075 
-0.928637 
0.792967 
-0.790811 
0.900237 
0.849116 
0.0704919 
-0.934311 
-0.0035643 
-0.313071 
-0.251444 
0.609474 
0.875437 
0.42386 
-0.347982 
-0.170808 
-0.484264 
0.925895 
0.542235 
0.844944 
-0.597827 
0.919068 
-0.738295 
0.919227 
-0.774974 
-0.74213 
0.465595 
0.561639 
-0.741365 
-0.798376 
-0.913084 
-0.62574 
-0.920466 
-0.322035 
0.753979 
-0.458815 
0.656508 
0.231381 
-0.0797509 
0.557997 
0.377395 
-0.525246 
-0.631813 
0.188016 
0.153113 
-0.932123 
0.655182 
-0.828013 
-0.451192 
-0.116765 
0.293602 
0.0504706 
-0.432373 
0.47613 
0.171181 
-0.204145 
0.242131 
-0.0952866 
-0.0960626 
0.122393 
-0.378572 
-0.496602 
0.0370838 
-0.404737 
0.622164 
0.290146 
0.450929 
-0.769333 
-0.370078 
-0.459493 
-0.51691 
0.287912 
-0.504718 
-0.395073 
0.538664 
0.618494 
0.718545 
0.773576 
0.640639 
0.801339 
0.0412678 
-0.406163 
0.44781 
-0.391612 
-0.086995 
-0.427551 
0.540606 
0.904217 
-0.682438 
-0.77877 
-0.806505 
0.71771 
-0.756568 
-0.863333 
-0.0653756 
0.333211 
-0.838344 
-0.210437 
-0.794638 
0.655704 
-0.889379 
-0.845959 
-0.50918 
-0.781713 
0.344246 
0.410515 
0.06221 
-0.561809 
-0.786825 
-0.655601 
0.371897 
0.561468 
0.727764 
-0.0362887 
-0.577749 
-0.408981 
-0.560456 
-0.275453 
-0.892738 
-0.754219 
-0.832072 
0.730463 
0.813483 
-0.0768782 
0.345432 
-0.496149 
-0.706569 
0.0446618 
-0.24361 
0.333066 
-0.150443 
0.8372 
0.4336 
-0.0621177 
-0.700902 
-0.309346 
0.405494 
-0.284911 
-0.697652 
-0.745651 
-0.6189 
0.332903 
0.132577 
0.236144 
-0.362014 
0.0727708 
0.0813115 
-0.0659068 
0.0732437 
0.0347701 
0.157163 
-0.355383 
-0.584145 
0.188349 
0.925612 
0.00358193 
0.0821521 
0.304538 
0.610757 
0.570176 
-0.659242 
-0.649005 
0.606981 
-0.370563 
0.0270584 
-0.643914 
-0.547249 
-0.344686 
0.395223 
0.463054 
0.440271 
-0.557118 
-0.649013 
0.81781 
0.69671 
0.782872 
0.528328 
0.767403 
0.824095 
0.760678 
-0.865704 
0.807575 
0.820741 
0.0606465 
0.206856 
0.0160204 
-0.266097 
-0.252147 
-0.205519 
0.864404 
0.85236 
-0.246809 
-0.115233 
-0.529149 
0.606986 
0.440825 
-0.591776 
-0.548823 
0.854207 
-0.853593 
-0.720277 
-0.77872 
-0.628755 
0.432649 
0.461124 
-0.663633 
-0.828982 
-0.387602 
0.727757 
0.276719 
0.199591 
0.116064 
0.209674 
-0.868494 
-0.314865 
0.248722 
-0.51959 
-0.889305 
0.231524 
-0.282417 
-0.131026 
-0.531567 
-0.436768 
-0.446375 
0.27525 
0.337203 
-0.326785 
-0.535243 
0.59457 
0.555426 
0.708649 
0.743415 
0.0544882 
0.413032 
0.0201695 
0.520668 
-0.535479 
0.703954 
-0.29206 
-0.772846 
0.681043 
-0.859849 
0.372114 
0.512634 
-0.487472 
-0.725632 
0.529555 
0.766156 
-0.594632 
-0.327934 
-0.568458 
-0.224363 
0.760718 
0.0549434 
0.707458 
-0.549415 
0.00446536 
0.178036 
-0.23868 
0.375101 
-0.15345 
-0.255875 
-0.637555 
0.133675 
-0.299082 
0.0932137 
-0.00954558 
0.137253 
-0.426879 
-0.695601 
0.242584 
-0.0261108 
0.190278 
0.3203 
0.660853 
-0.322667 
0.0676891 
-0.584896 
-0.455526 
0.645024 
0.713887 
0.567907 
0.794651 
0.783514 
0.0725861 
0.0157218 
-0.198447 
-0.275284 
-0.228057 
-0.527205 
0.388067 
-0.487914 
-0.811181 
-0.664162 
-0.741495 
-0.665202 
0.42366 
0.528998 
-0.158042 
0.506216 
0.300404 
0.138436 
0.414027 
0.416324 
-0.533291 
0.22552 
-0.185108 
0.190366 
-0.692304 
-0.406555 
-0.0484895 
-0.0663553 
0.354829 
0.268608 
-0.246379 
-0.473173 
-0.118584 
-0.194882 
0.181546 
-0.146844 
-0.388 
-0.31207 
-0.557808 
-0.240145 
0.201881 
0.40809 
0.477204 
0.480441 
-0.795714 
-0.435701 
-0.377623 
-0.439027 
-0.503089 
-0.558858 
0.0643318 
0.344313 
-0.351035 
0.440199 
0.537821 
0.659988 
0.662112 
0.590712 
-0.0452441 
0.0849976 
-0.37021 
-0.137601 
0.688289 
0.486204 
-0.723465 
-0.631876 
-0.812815 
-0.807679 
0.678338 
-0.709625 
-0.897928 
-0.0784947 
0.374529 
-0.830668 
-0.785372 
0.609797 
0.709399 
0.151987 
0.392716 
0.372453 
-0.625053 
-0.688215 
0.591466 
0.501838 
-0.364584 
-0.536295 
-0.454865 
-0.190563 
-0.739723 
0.63003 
-0.222971 
-0.178262 
0.144344 
0.306553 
-0.371339 
-0.0918631 
0.235731 
-0.219522 
0.336577 
-0.0305176 
-0.193328 
0.505877 
0.650629 
0.0270491 
0.0335005 
0.43627 
-0.639248 
0.321548 
0.254354 
0.0944434 
-0.324803 
-0.405503 
0.236679 
0.0223335 
-0.117502 
0.0362194 
-0.292235 
-0.391214 
-0.484245 
0.287855 
0.0607468 
-0.0344522 
-0.196572 
0.198832 
0.203715 
0.44977 
0.560206 
0.614211 
-0.280329 
-0.0390198 
-0.052403 
-0.588592 
-0.396217 
-0.278371 
0.39205 
0.404706 
0.530434 
0.809245 
0.489861 
0.674218 
0.801275 
0.180974 
-0.356249 
-0.102305 
-0.133055 
0.651226 
-0.542404 
-0.866592 
0.462201 
0.153791 
0.253061 
-0.291293 
0.18692 
-0.607594 
-0.297494 
-0.482206 
-0.304353 
0.666914 
0.63577 
0.026658 
0.444442 
-0.531077 
0.403716 
0.602247 
-0.620996 
-0.540365 
-0.137492 
0.148591 
0.588003 
0.0956908 
0.232405 
0.270809 
-0.300673 
-0.742725 
0.0413178 
-0.744848 
0.195768 
0.0143583 
0.227811 
0.36258 
0.113549 
-0.385883 
0.755218 
0.0626104 
-0.448669 
-0.20324 
0.48936 
0.200361 
-0.169822 
0.140801 
-0.00358494 
-0.119538 
-0.359177 
-0.584034 
-0.142269 
-0.336077 
-0.335047 
-0.500379 
0.115872 
0.564342 
0.751366 
0.659213 
0.612396 
0.648722 
-0.754414 
0.630352 
-0.690057 
0.372742 
-0.315718 
-0.52998 
-0.340351 
-0.0979936 
0.569833 
-0.185054 
-0.188367 
0.228948 
0.313687 
-0.499617 
-0.0346968 
0.251534 
-0.160069 
0.291346 
0.472608 
-0.00102073 
-0.0226377 
-0.447409 
-0.0248368 
-0.0450606 
0.252189 
0.229558 
0.500694 
-0.405262 
-0.299781 
-0.155301 
-0.284516 
-0.30909 
-0.0252212 
0.101777 
0.317804 
0.292586 
0.116678 
-0.437316 
-0.202205 
0.193608 
-0.426697 
-0.468617 
0.205768 
0.302269 
-0.427458 
-0.261473 
0.670249 
0.460606 
0.512511 
0.723033 
0.594763 
0.707221 
0.57293 
-0.645121 
0.684891 
0.30729 
0.45896 
0.614422 
-0.339307 
-0.264744 
0.0653637 
-0.0162263 
0.742323 
-0.0883641 
0.0719177 
-0.0599139 
-0.106402 
-0.593811 
0.132352 
0.16529 
-0.430099 
-0.368757 
-0.730798 
-0.592173 
-0.0843337 
0.305346 
0.0893023 
0.403882 
-0.308521 
-0.00906866 
-0.555043 
-0.501941 
0.717735 
-0.239038 
-0.641842 
-0.241327 
-0.0718362 
0.488178 
0.341151 
0.450338 
-0.483782 
-0.0377997 
-0.205138 
0.252978 
0.138923 
-0.729492 
-0.187049 
0.0256973 
-0.123925 
-0.015556 
-0.262179 
-0.197865 
-0.41689 
-0.189227 
-0.246119 
-0.233385 
-0.26667 
0.284514 
0.0732724 
0.476123 
0.509531 
0.448429 
0.488683 
-0.406306 
-0.316406 
-0.48582 
0.0741211 
-0.347134 
0.576328 
0.482574 
0.0345202 
-0.720067 
0.234685 
0.56054 
0.533128 
-0.486914 
-0.171874 
-0.287576 
0.106306 
0.102178 
0.333472 
-0.0813658 
-0.193925 
0.190666 
-0.25992 
-0.229041 
0.0165391 
0.628958 
0.585951 
-0.0936532 
0.105583 
0.162146 
-0.693516 
0.122354 
0.262779 
-0.0946214 
-0.244736 
-0.403228 
-0.323339 
0.136718 
-0.021698 
-0.166751 
-0.223401 
0.15529 
0.181383 
0.566531 
0.368928 
-0.239512 
0.0161785 
-0.0823819 
-0.577794 
-0.200578 
0.382269 
0.471019 
0.26933 
-0.256629 
0.00849747 
0.121085 
-0.294158 
0.246611 
-0.215023 
-0.0443999 
-0.262013 
-0.017529 
0.0350324 
-0.416822 
-0.142574 
-0.587088 
0.149116 
0.102326 
-0.371053 
-0.237264 
0.620331 
0.397295 
0.457587 
0.0933852 
-0.0307577 
-0.0232062 
-0.149494 
0.0635765 
0.452797 
0.0105237 
-0.0720304 
0.0751805 
0.0531035 
-0.371171 
0.532167 
-0.234045 
0.0618029 
0.147241 
0.135038 
-0.210031 
0.117232 
-0.278865 
0.156362 
0.689458 
0.34197 
0.536461 
-0.509769 
-0.0797457 
0.150101 
0.601729 
-0.333702 
-0.682773 
-0.00225782 
0.18589 
0.340395 
0.705132 
0.154083 
0.263324 
0.0933378 
-0.050553 
0.00351585 
-0.295123 
0.560889 
0.402559 
0.407619 
-0.178926 
0.354929 
0.191648 
0.363434 
-0.0271754 
-0.0826824 
0.362019 
0.237253 
-0.0927221 
0.0425211 
-0.0875983 
0.543451 
-0.07404 
-0.036738 
0.331234 
0.170663 
-0.45755 
-0.253376 
0.245561 
0.732711 
0.508164 
0.537047 
0.541518 
-0.639528 
-0.0478377 
-0.0472091 
-0.554762 
0.291746 
0.142501 
-0.309032 
0.669235 
-0.113012 
0.0290713 
-0.177948 
-0.1271 
-0.127959 
-0.453445 
0.304686 
0.473887 
-0.132667 
-0.219454 
0.393974 
-0.136278 
-0.129927 
0.504774 
-0.104117 
0.257702 
0.444691 
0.503772 
0.398059 
-0.156864 
-0.14047 
0.419191 
0.0140975 
0.495812 
-0.312179 
0.359086 
0 
0 
625 
76 
373 
148 
184 
153 
49 
36 
297 
489 
55 
88 
100 
89 
49 
67 
484 
369 
57 
137 
103 
408 
268 
143 
105 
181 
61 
248 
68 
729 
51 
25 
102 
26 
102 
222 
305 
428 
44 
150 
595 
242 
42 
138 
63 
137 
106 
797 
108 
208 
447 
14 
64 
278 
63 
299 
489 
516 
39 
95 
155 
810 
38 
133 
180 
242 
37 
132 
151 
132 
36 
85 
73 
88 
318 
298 
73 
220 
34 
172 
560 
192 
132 
128 
218 
127 
132 
84 
128 
127 
211 
141 
861 
252 
122 
125 
651 
28 
451 
124 
125 
121 
28 
656 
320 
127 
27 
122 
85 
235 
199 
123 
86 
124 
87 
161 
123 
29 
868 
315 
88 
33 
310 
124 
156 
230 
275 
460 
429 
670 
389 
116 
94 
222 
491 
111 
26 
33 
86 
75 
901 
430 
90 
438 
20 
298 
152 
77 
153 
72 
323 
204 
21 
41 
182 
682 
138 
39 
94 
111 
156 
109 
15 
262 
15 
65 
426 
30 
134 
70 
15 
71 
10 
68 
1 
105 
607 
104 
3 
104 
804 
289 
7 
103 
521 
46 
444 
370 
6 
262 
497 
52 
431 
172 
271 
100 
346 
312 
22 
126 
257 
151 
158 
152 
139 
153 
154 
158 
110 
428 
95 
97 
110 
157 
16 
362 
108 
159 
265 
160 
31 
183 
421 
165 
450 
69 
348 
191 
162 
165 
162 
167 
288 
288 
730 
284 
166 
264 
247 
207 
171 
173 
59 
200 
177 
173 
6 
266 
488 
368 
197 
244 
171 
271 
357 
385 
51 
184 
149 
180 
181 
181 
182 
182 
489 
222 
53 
270 
147 
185 
146 
131 
100 
620 
90 
519 
506 
103 
257 
190 
102 
191 
57 
559 
737 
142 
219 
228 
490 
196 
375 
196 
142 
229 
606 
449 
141 
452 
102 
200 
544 
201 
684 
328 
558 
853 
204 
334 
204 
296 
153 
206 
42 
111 
188 
92 
700 
1003 
313 
210 
160 
211 
469 
359 
797 
404 
139 
505 
456 
156 
155 
216 
1009 
881 
38 
407 
77 
321 
132 
235 
131 
408 
183 
222 
528 
223 
224 
224 
618 
196 
33 
226 
218 
494 
228 
485 
127 
229 
219 
230 
551 
231 
232 
453 
380 
891 
329 
585 
122 
402 
236 
121 
122 
237 
522 
561 
113 
155 
234 
849 
96 
456 
150 
242 
660 
722 
146 
137 
592 
441 
341 
280 
616 
109 
86 
306 
588 
898 
483 
381 
813 
474 
153 
310 
396 
349 
182 
687 
337 
401 
138 
398 
164 
302 
261 
136 
445 
279 
278 
260 
266 
261 
163 
262 
344 
267 
3 
288 
261 
265 
8 
258 
263 
267 
47 
178 
269 
346 
192 
375 
174 
271 
177 
272 
568 
304 
49 
274 
478 
275 
583 
542 
277 
277 
136 
278 
279 
241 
158 
280 
185 
281 
453 
143 
374 
283 
169 
284 
285 
396 
171 
550 
427 
768 
288 
288 
195 
289 
171 
290 
370 
544 
657 
472 
403 
320 
626 
626 
615 
295 
178 
296 
187 
297 
113 
328 
179 
480 
651 
300 
90 
627 
106 
302 
733 
471 
703 
194 
181 
151 
142 
306 
789 
526 
222 
438 
247 
558 
310 
310 
958 
849 
268 
312 
546 
313 
698 
225 
202 
474 
523 
841 
810 
477 
76 
373 
596 
828 
84 
320 
194 
417 
612 
786 
252 
524 
324 
324 
234 
586 
326 
326 
327 
855 
183 
239 
452 
871 
283 
612 
186 
626 
675 
685 
592 
246 
334 
334 
825 
588 
835 
114 
337 
337 
997 
686 
251 
600 
662 
340 
867 
461 
709 
442 
653 
344 
343 
344 
708 
514 
514 
346 
538 
973 
662 
352 
154 
349 
147 
350 
609 
745 
348 
352 
690 
333 
284 
465 
355 
355 
827 
291 
508 
357 
188 
640 
393 
359 
360 
360 
361 
361 
139 
500 
559 
484 
119 
528 
365 
356 
633 
188 
187 
367 
268 
368 
164 
369 
363 
370 
530 
629 
471 
563 
236 
373 
201 
374 
512 
375 
376 
560 
563 
658 
737 
619 
424 
550 
275 
380 
201 
511 
545 
952 
107 
822 
667 
977 
44 
385 
334 
247 
207 
595 
137 
566 
208 
389 
855 
833 
919 
779 
826 
383 
562 
287 
1007 
780 
1013 
395 
996 
996 
487 
525 
215 
398 
750 
521 
884 
741 
227 
401 
223 
402 
229 
403 
402 
404 
808 
468 
432 
406 
255 
407 
127 
176 
482 
728 
231 
485 
411 
302 
478 
412 
749 
900 
325 
742 
415 
415 
118 
416 
321 
417 
826 
935 
419 
657 
420 
742 
279 
421 
422 
875 
916 
579 
1019 
773 
285 
613 
136 
443 
355 
472 
247 
428 
248 
429 
430 
611 
907 
347 
560 
632 
494 
287 
434 
736 
462 
435 
436 
548 
436 
437 
202 
438 
407 
439 
444 
440 
258 
441 
137 
442 
154 
246 
444 
444 
259 
456 
444 
446 
368 
447 
134 
465 
269 
449 
118 
450 
451 
451 
234 
452 
232 
455 
912 
728 
151 
455 
162 
456 
279 
457 
322 
661 
305 
459 
114 
460 
461 
461 
333 
594 
107 
716 
571 
716 
286 
465 
618 
466 
850 
632 
365 
625 
897 
469 
197 
630 
193 
197 
393 
472 
468 
473 
315 
474 
442 
475 
176 
476 
959 
985 
412 
478 
997 
725 
299 
617 
759 
739 
659 
810 
250 
598 
363 
484 
228 
485 
232 
555 
397 
487 
225 
795 
147 
489 
283 
782 
491 
491 
592 
557 
645 
764 
433 
494 
962 
830 
945 
605 
497 
353 
498 
498 
499 
660 
253 
500 
273 
672 
879 
864 
238 
726 
188 
504 
300 
505 
357 
506 
507 
619 
189 
508 
579 
509 
294 
699 
490 
556 
196 
512 
513 
507 
346 
801 
376 
515 
434 
958 
287 
697 
840 
903 
208 
519 
520 
894 
343 
379 
212 
522 
523 
720 
233 
997 
785 
525 
985 
1023 
527 
886 
120 
528 
225 
808 
794 
530 
453 
531 
949 
997 
234 
533 
310 
534 
535 
799 
755 
1008 
332 
797 
538 
538 
780 
654 
1000 
979 
441 
690 
327 
838 
995 
543 
544 
715 
251 
558 
136 
546 
303 
547 
278 
548 
343 
549 
550 
550 
273 
551 
275 
552 
322 
555 
542 
784 
282 
555 
374 
556 
117 
557 
845 
558 
291 
559 
560 
560 
292 
561 
393 
562 
293 
563 
378 
564 
717 
650 
378 
198 
974 
567 
194 
568 
569 
569 
526 
773 
571 
915 
310 
572 
853 
840 
888 
394 
968 
560 
315 
576 
1024 
883 
717 
823 
509 
579 
477 
644 
869 
641 
582 
582 
282 
905 
912 
765 
524 
585 
235 
586 
336 
587 
327 
956 
438 
589 
679 
322 
770 
977 
492 
353 
592 
285 
594 
341 
387 
595 
238 
597 
950 
748 
327 
598 
336 
599 
255 
600 
749 
601 
362 
602 
411 
348 
594 
604 
773 
303 
342 
606 
342 
751 
345 
245 
538 
672 
347 
610 
352 
912 
243 
612 
345 
613 
865 
614 
170 
615 
355 
932 
175 
617 
356 
618 
366 
619 
359 
620 
103 
621 
905 
622 
500 
996 
357 
624 
625 
625 
294 
626 
504 
627 
959 
660 
193 
843 
470 
658 
195 
631 
406 
715 
378 
633 
939 
874 
935 
776 
669 
636 
203 
799 
638 
821 
386 
639 
507 
873 
527 
723 
957 
838 
909 
895 
644 
644 
535 
645 
769 
920 
540 
591 
648 
717 
117 
649 
775 
650 
397 
651 
198 
652 
653 
342 
941 
1010 
986 
740 
229 
656 
419 
561 
476 
658 
304 
659 
610 
499 
232 
705 
411 
662 
663 
663 
413 
664 
841 
771 
412 
666 
707 
667 
668 
635 
238 
669 
117 
772 
791 
891 
609 
710 
859 
642 
731 
703 
209 
766 
951 
526 
285 
754 
613 
807 
783 
693 
834 
941 
787 
681 
140 
433 
251 
732 
434 
684 
557 
685 
349 
686 
443 
687 
168 
688 
687 
689 
258 
690 
444 
691 
304 
692 
430 
746 
694 
694 
305 
695 
461 
696 
517 
768 
314 
698 
510 
699 
700 
700 
491 
989 
516 
840 
877 
703 
560 
835 
276 
705 
963 
706 
667 
707 
1012 
892 
709 
893 
450 
905 
945 
879 
488 
503 
569 
713 
342 
873 
632 
715 
464 
716 
717 
890 
700 
643 
1003 
892 
532 
720 
572 
721 
217 
885 
493 
869 
291 
1005 
725 
725 
468 
876 
574 
727 
499 
728 
722 
217 
730 
730 
933 
731 
516 
732 
549 
547 
478 
734 
637 
930 
525 
771 
564 
844 
628 
482 
316 
739 
740 
888 
926 
863 
565 
777 
950 
800 
529 
963 
553 
745 
693 
783 
743 
747 
483 
748 
524 
749 
993 
750 
259 
972 
653 
960 
708 
1030 
425 
754 
536 
755 
378 
756 
467 
757 
802 
988 
481 
903 
238 
760 
384 
902 
851 
646 
378 
763 
390 
936 
584 
916 
924 
643 
789 
767 
392 
768 
852 
400 
862 
770 
665 
771 
899 
772 
399 
773 
774 
884 
214 
775 
203 
776 
969 
921 
431 
906 
580 
779 
591 
1028 
750 
781 
114 
782 
276 
783 
642 
894 
300 
785 
927 
786 
787 
787 
953 
788 
767 
789 
899 
790 
824 
791 
792 
930 
739 
903 
738 
794 
598 
795 
795 
796 
420 
797 
798 
798 
418 
799 
641 
967 
801 
801 
676 
910 
803 
951 
444 
804 
353 
805 
498 
1001 
608 
807 
808 
808 
388 
809 
317 
810 
198 
844 
507 
812 
702 
935 
793 
814 
948 
928 
654 
990 
708 
817 
316 
926 
523 
849 
390 
820 
527 
987 
808 
419 
720 
823 
791 
824 
238 
825 
799 
826 
356 
968 
822 
828 
243 
829 
830 
830 
831 
991 
1031 
981 
554 
927 
423 
834 
483 
835 
545 
836 
379 
837 
554 
916 
225 
839 
213 
840 
665 
841 
811 
842 
176 
843 
713 
844 
558 
998 
316 
949 
840 
648 
647 
1000 
574 
849 
575 
850 
925 
901 
655 
1035 
573 
853 
578 
1014 
588 
906 
641 
990 
857 
857 
590 
858 
855 
907 
584 
927 
590 
861 
961 
862 
655 
922 
593 
874 
614 
865 
246 
866 
594 
867 
743 
1018 
747 
978 
598 
870 
233 
871 
603 
872 
714 
873 
879 
874 
347 
875 
536 
876 
703 
877 
495 
979 
1036 
879 
535 
880 
821 
641 
723 
882 
209 
940 
643 
884 
885 
885 
577 
943 
887 
887 
647 
888 
525 
889 
648 
890 
775 
891 
521 
892 
709 
893 
894 
992 
944 
895 
740 
896 
657 
897 
660 
898 
479 
899 
650 
900 
135 
952 
637 
902 
668 
999 
532 
904 
672 
905 
894 
906 
673 
907 
477 
957 
766 
955 
1003 
910 
980 
911 
590 
912 
423 
913 
787 
642 
682 
932 
642 
916 
540 
917 
803 
802 
539 
919 
135 
920 
214 
921 
394 
922 
855 
923 
675 
924 
1032 
999 
741 
926 
786 
927 
774 
769 
815 
929 
792 
930 
694 
1027 
464 
932 
674 
933 
532 
934 
481 
935 
764 
978 
753 
937 
391 
1034 
758 
939 
643 
940 
680 
941 
523 
942 
638 
1021 
913 
944 
711 
945 
543 
946 
853 
947 
209 
948 
725 
949 
747 
950 
803 
951 
851 
952 
423 
953 
675 
954 
539 
955 
673 
956 
423 
957 
702 
958 
674 
959 
607 
960 
540 
1019 
1030 
979 
744 
963 
717 
964 
643 
965 
496 
966 
978 
967 
827 
968 
777 
969 
729 
1010 
592 
971 
751 
972 
628 
973 
738 
974 
655 
975 
942 
976 
741 
977 
967 
978 
878 
979 
938 
980 
758 
1029 
316 
982 
391 
983 
909 
984 
307 
985 
852 
986 
769 
987 
1019 
988 
479 
989 
400 
1017 
774 
991 
784 
992 
750 
993 
894 
994 
431 
995 
396 
996 
479 
997 
382 
998 
925 
999 
332 
1000 
379 
1001 
676 
1002 
802 
1003 
803 
1004 
536 
1005 
928 
1006 
990 
1007 
822 
1008 
766 
1009 
718 
1010 
833 
1011 
379 
1012 
665 
1013 
854 
1014 
890 
1015 
762 
1016 
856 
1017 
582 
1018 
770 
1019 
711 
1030 
821 
1021 
881 
1022 
526 
1023 
886 
1024 
390 
1025 
1004 
1026 
931 
1027 
780 
1028 
832 
1029 
962 
1030 
711 
1031 
851 
1032 
673 
1033 
918 
1034 
1006 
1035 
879 
1036 
800 
1037 
424 
1038 
